77.2000 93.2400 2.2800
73.5800 91.0600 3.0595
69.7400 88.9800 3.6600
68.1800 87.8200 4.0924
64.7000 85.0000 5.2718
61.1800 82.2800 5.6457
60.1400 82.1600 5.1814
59.7200 81.9200 5.6979
59.0400 81.2200 5.2417
56.2000 79.1800 6.5784
51.4400 74.9600 7.0312
48.4400 72.6800 7.1645
46.5200 69.7400 6.8970
46.3200 69.5200 7.6552
44.8400 67.9200 6.8353
42.9600 67.7200 7.6640
43.5400 67.2200 7.2047
42.1400 65.8600 7.1900
41.6600 65.4000 7.2834
41.5200 65.3600 8.0134
39.9000 63.6800 6.9439
39.2800 62.6000 6.1410
37.8600 61.6200 6.9463
36.3000 60.0200 7.2025
35.7200 58.8200 6.5541
35.4200 58.2800 6.9967
34.2800 57.2600 6.3341
33.8800 55.8800 8.7559
31.8200 54.3600 6.7533
31.5800 53.5600 6.6500
30.3200 52.6200 7.0430
29.9200 51.4000 6.7628
30.1800 50.9200 6.0941
28.7400 50.8400 7.6534
28.8800 49.7800 6.8320
28.0600 48.9800 6.4283
26.6200 48.2800 7.1011
26.1200 47.9600 6.6554
26.1000 46.6200 6.3236
25.6800 45.8000 7.4399
24.1000 45.6400 6.4707
24.5600 45.1400 6.8006
23.0800 43.6600 6.3126
22.8000 43.3200 6.4032
22.6800 42.4400 6.1895
22.0200 41.7000 5.6563
22.9200 40.1600 5.7200
18.7600 38.9800 4.9707
19.8600 38.4000 4.6277
17.8400 36.9600 5.8698
17.8400 36.9600 5.8698