77.2000 93.2400 2.2800
44.9200 67.5200 6.8218
16.5800 31.9200 5.8762
7.3800 16.0200 3.2155
0.9400 2.1800 0.8412
0.5200 1.4400 0.7838
0.3000 1.0000 0.5060
0.2000 0.6600 0.4294
0.1600 0.5600 0.6499
0.1600 0.6200 0.5828
0.1000 0.5200 0.8352
0.1000 0.5200 0.4214
0.0800 0.5800 0.5963
0.1000 0.4800 0.5154
0.1000 0.5400 0.5517
0.0400 0.3400 0.2538
0.1000 0.4600 0.4294
0.2000 0.4400 0.4543
0.0400 0.4400 0.4176
0.0600 0.4200 0.3027
0.0200 0.5200 0.4915
0.1000 0.3800 0.4142
0.2000 0.4600 0.5142
0.0800 0.5000 0.6213
0.1000 0.5200 0.7547
0.1000 0.5200 0.8352
0.0800 0.6600 0.7902
0.0600 0.5000 0.7225
0.1200 0.4200 0.7666
0.0600 0.4000 0.7589
0.1000 0.5200 0.6524
0.0600 0.4200 0.7507
0.0800 0.5200 0.8953
0.1000 0.5800 0.6896
0.0800 0.4000 0.6000
0.1400 0.4600 0.6989
0.1400 0.5400 0.9035
0.1800 0.4600 0.7645
0.1200 0.5400 0.6264
0.1000 0.6200 0.8920
0.2200 0.6000 0.9592
0.1200 0.5800 0.6660
0.1600 0.5200 0.7600
0.0600 0.6200 0.7666
0.0400 0.6600 0.5660
0.0800 0.5400 0.6515
0.0400 0.5000 0.7655
0.1000 0.4800 0.5154
0.1400 0.3600 0.2800
0.0400 0.3000 0.3493
0.0400 0.3000 0.3493