77.2000 93.2400 2.2800
0.1000 0.4800 0.6585
0.1000 0.5200 0.6823
0.0800 0.5400 0.7046
0.1000 0.5600 0.5713
0.0800 0.5200 0.6585
0.1600 0.5000 0.9044
0.1000 0.5600 0.7940
0.1000 0.4800 0.6997
0.1600 0.4800 0.9642
0.1000 0.4400 0.7031
0.1400 0.6000 0.6512
0.0800 0.5000 0.6588
0.1400 0.5600 0.5987
0.1000 0.4800 1.4400
0.1000 0.5000 1.5000
0.1000 0.5000 1.5000
0.1000 0.5000 1.5000
0.1000 0.5000 1.5000
0.1000 0.5000 1.5000
0.1000 0.5000 1.5000
0.1000 0.5000 1.5000
0.1000 0.5000 1.5000
0.1000 0.5000 1.5000
0.1000 0.5000 1.5000
0.1000 0.5000 1.5000
0.1000 0.5000 1.5000
0.1000 0.5000 1.5000
0.1000 0.5000 1.5000
0.1000 0.5000 1.5000
0.1000 0.5000 1.5000
0.1000 0.5000 1.5000
0.1000 0.5000 1.5000
0.1000 0.5000 1.5000
0.1000 0.5000 1.5000
0.1000 0.5000 1.5000
0.1000 0.5000 1.5000
0.1000 0.5000 1.5000
0.1000 0.5000 1.5000
0.1000 0.5000 1.5000
0.1000 0.5000 1.5000
0.1000 0.5000 1.5000
0.1000 0.5000 1.5000
0.1000 0.5000 1.5000
0.1000 0.5000 1.5000
0.1000 0.5000 1.5000
0.1000 0.5000 1.5000
0.1000 0.5000 1.5000
0.1000 0.5000 1.5000
0.1000 0.5000 1.5000
0.1000 0.5000 1.5000