77.2000 93.2400 2.2800
0.2400 1.1600 0.9372
0.1400 0.5400 0.6328
0.1000 0.5200 0.6645
0.1200 0.5000 0.6148
0.1200 0.5600 0.6741
0.2000 0.4400 0.9069
0.1400 0.5800 0.6096
0.1000 0.5200 0.8158
0.1200 0.3600 0.7200
0.1000 0.4200 0.6290
0.1000 0.4800 0.4578
0.1000 0.6200 0.7291
0.0400 0.6000 0.6325
0.0800 0.4400 0.8237
0.2000 0.7600 0.9952
0.1000 0.5200 0.5879
0.0000 0.4200 0.5963
0.1200 0.5000 0.6340
0.1400 0.6000 1.1100
0.1000 0.4400 0.7736
0.1000 0.4600 0.8581
0.1000 0.4200 0.5963
0.0600 0.5200 0.6882
0.1000 0.4200 0.6779
0.0400 0.4600 0.6873
0.0600 0.4200 0.8412
0.0400 0.4800 0.7054
0.1400 0.5000 0.5675
0.1000 0.4800 1.0553
0.2000 0.5000 1.0010
0.0600 0.5800 0.9097
0.0600 0.5400 0.7697
0.1600 0.5000 0.8591
0.0600 0.5000 0.8402
0.1000 0.4600 0.6873
0.0800 0.5600 0.7838
0.0800 0.6000 0.8149
0.1400 0.5000 0.5235
0.1000 0.5600 0.5571
0.1200 0.4800 0.5879
0.1600 0.6200 1.1643
0.1200 0.4600 1.0002
0.0800 0.4800 1.3090
0.1000 0.4800 1.4400
0.1000 0.5000 1.5000
0.1000 0.5000 1.5000
0.1000 0.5000 1.5000
0.1000 0.5000 1.5000
0.1000 0.5000 1.5000
0.1000 0.5000 1.5000