65.8200 86.0800 4.4265
65.3800 85.8400 4.5807
65.6400 85.8800 4.7686
65.2000 85.7600 4.3871
65.6800 85.7800 4.9303
65.3200 85.6000 4.4741
64.7200 85.6000 4.5852
65.1400 85.6600 4.4453
65.2600 85.6800 4.3701
64.7400 85.3200 4.3628
64.7200 85.2000 4.8473
64.2800 84.8200 4.4625
64.7000 84.7200 4.3104
63.9800 84.6400 4.6405
64.0000 84.5400 4.0800
63.7000 84.4600 4.6450
62.6800 84.4200 4.0992
63.7200 84.6000 4.4344
63.5000 84.5500 4.9291
63.3400 84.5400 3.8325
62.8400 84.4800 4.4093
62.8800 84.4000 4.4209
63.5200 84.3500 4.4391
63.3200 84.3000 4.3863
63.0800 84.2000 5.2115
63.0000 83.9800 4.4797
62.6000 83.9200 4.4955
62.4000 83.9200 4.8104
62.5200 83.9800 4.0104
62.9200 83.9700 4.7709
61.8000 83.9400 4.5292
62.2400 83.8400 4.6087
61.7400 83.7000 4.5107
62.6800 83.6000 4.5817
61.1200 83.3600 4.5885
61.8200 83.2400 4.5824
61.3400 82.8800 4.7902
61.2600 82.8200 3.8065
61.2400 82.8200 4.3874
61.2200 82.7200 4.2741
60.2000 82.6600 4.3889
61.3000 82.5400 3.8977
60.5600 82.5600 4.9143
59.5200 82.4600 4.5140
60.1800 82.4500 3.6293
59.7000 82.4200 4.7206
59.8400 82.3400 4.4614
59.5000 82.2200 4.2497
59.9400 82.0000 4.3756
58.7200 81.4600 4.6328
58.7000 81.1800 4.6359