65.8200 86.0800 4.4265
65.8400 86.1000 4.4211
64.9000 85.6200 5.0259
64.3200 84.8200 4.6891
63.8200 84.6000 4.7464
62.9600 84.0400 4.4693
62.7400 83.9600 5.1036
61.1400 83.1200 5.1375
58.5400 80.8000 4.7388
54.9200 79.0000 4.9631
51.9600 76.4000 4.1367
48.9400 72.9800 4.5856
47.8400 72.3400 2.3256
47.3200 71.3400 4.4578
43.4600 67.4600 4.0773
43.7800 66.5400 5.0510
39.6800 64.0200 6.8868
41.3200 63.7600 6.2076
39.1400 63.7400 6.1994
37.6200 62.0200 5.0331
35.3000 60.0200 4.3510
34.4400 58.7000 5.6209
36.2800 58.5400 5.0208
33.3400 57.5800 5.8661
32.3800 57.0600 6.5146
31.4200 56.4000 5.1529
29.6800 54.5400 4.4308
29.8800 53.2200 5.6614
26.8000 51.5600 4.0672
26.5400 49.4200 3.2526
26.3800 48.9800 6.4588
22.1000 44.6000 4.8793
23.2400 43.8800 5.1778
23.3200 41.4800 6.0875
19.6600 38.8400 4.1161
21.0400 37.1000 3.6663
18.0200 35.9000 6.6256
15.6800 32.9000 5.1717
14.4800 31.7000 6.0559
14.9200 30.3800 5.8079
12.0400 28.7000 5.3876
13.5400 26.2800 6.6478
10.5800 25.7600 6.8105
10.8800 24.6800 5.3368
9.3000 23.9200 6.8499
9.4200 22.5800 2.5210
10.3600 21.5000 4.9544
9.1200 21.5000 5.4216
9.0200 20.5000 5.6655
8.0800 19.5800 5.3773
8.0800 18.5800 5.3773