65.3800 86.0600 4.2427
65.4000 85.7400 4.2219
65.3600 85.7000 4.8235
65.8400 85.6600 4.4650
65.8800 85.9000 4.9293
65.3600 85.2800 4.2475
65.3200 85.7800 4.2684
65.3400 85.6800 4.6855
65.6400 85.8000 4.6989
65.7000 85.6600 4.6579
65.1800 85.6400 4.6102
65.2600 85.6600 4.5809
65.4000 85.5400 4.2942
65.2000 85.3200 4.4812
65.2000 85.2400 4.4800
65.3600 85.8400 4.5456
65.0000 85.6400 4.6362
64.8200 85.6200 4.2787
64.7600 85.3400 4.7388
64.8800 85.4200 4.3048
65.1200 85.5800 4.5777
64.8400 85.1600 4.7957
64.8000 85.5600 4.7039
64.9000 85.6000 4.3359
65.0400 85.0400 4.9830
64.8000 85.4400 4.6500
65.2400 84.9200 4.5407
64.7600 85.5800 4.5374
64.7600 85.4600 4.5264
65.3200 85.4600 4.0120
64.6400 85.5600 4.0227
64.9200 85.2600 4.1105
65.1800 85.7800 4.4654
65.2400 85.3400 4.1752
65.0000 85.2600 4.2020
65.0400 85.1400 4.4507
64.5400 85.1400 4.4900
64.5600 85.0800 4.4580
65.4200 85.5400 4.6562
64.4400 85.5000 4.4544
64.1600 84.8000 4.5974
64.6600 84.7800 4.1265
64.1600 85.2800 4.0152
64.4800 85.4200 4.2871
63.8200 85.2000 4.1828
63.8200 84.9400 4.2624
63.6400 84.7400 4.5167
63.8400 85.3000 4.3628
64.9400 84.9400 4.8539
64.1200 84.5400 4.2868
64.0800 84.6000 4.2914