65.8200 86.0800 4.4265
66.2200 85.7200 4.4301
65.3400 85.7600 4.8496
65.7200 85.9000 4.3545
65.9800 86.1800 4.6221
65.3800 86.2200 4.2147
65.8000 85.7600 4.3219
65.4400 85.3400 4.3864
65.3800 86.4000 4.2933
65.6400 85.5600 4.3366
65.5200 86.0000 4.2690
65.6000 85.3400 4.0920
65.8600 85.7400 4.2200
65.5800 85.5800 4.3749
65.7000 85.9000 4.4902
65.6400 85.7600 4.5085
66.0200 85.8800 4.4937
65.2000 85.7800 4.5170
65.7600 85.6000 4.4927
65.3600 85.9600 4.6783
65.4400 85.3000 4.5959
65.6000 85.5600 4.4854
65.8000 85.8000 4.3708
65.2000 85.7000 4.8193
65.5800 85.7200 4.3929
65.2600 85.6600 4.5800
65.8000 85.4600 4.6571
65.3200 85.4400 4.5306
64.9800 85.7600 4.1461
65.5000 85.5800 4.3931
65.4400 85.8800 4.0716
65.0400 85.5200 4.2794
65.5800 85.8600 4.2058
65.7600 85.8400 4.1979
65.6200 85.6400 4.4216
66.0000 85.7400 4.3119
64.6400 85.6200 4.6454
65.6000 85.6800 4.5071
65.7600 85.7200 4.2287
65.4800 85.6000 4.4018
65.7000 85.9000 4.0539
65.1400 85.7000 4.3334
65.3200 85.8000 4.3322
64.7600 86.0000 3.8895
64.9800 86.1000 4.3765
65.1800 85.4800 4.3902
65.1200 85.6400 4.0603
65.4600 85.6400 4.1989
65.5200 85.3200 4.5521
64.8800 85.4600 4.5025
64.8800 85.4600 4.5025